#
# GMT Mon Jun 28 18:06:11 2021
# 
0 455 505 902 1499 1585 1915 2175 2341
1 39 1021 1040 1140 1179 1657 1659 1665 1740 2441 2488 2492
2 152 226 419 1354 1607 1867 2254 2491
3 94 1021 1201 2017 2127 2419
4 698 886 1114 1735 1942 1960 2008
5 634 670 713 1188 1859 1941 1951
6 451 499 545 1296 1789
7 13 200 560 917 931 1041 1374 1550 1774 2405
8 753 800 849 889 2085 2157 2292
9 149 1108 1514 1810 2452
10 359 1029 1160 1462 1597 1924 2060
11 196 692 1553 2141
12 203 238 516 879 1101 1309 1554 1614 1965
13 130 261 320 447 676 1258 1852 1931
14 329 694 715 881 901 1314
15 780 807 961 2021 2087 2470
16 598 685 1109 1120 1439 2089 2319
17 258 861 1068 1077 1232 1250 1337 1874 2430
18 117 363 435 1190 1847 2128 2336 2469
19 45 1204 1505 1613
20 208 900 988 1181 1611 1976 2036 2185 2210 2406
21 53 258 886 963 2019 2065 2272 2408 2492
22 787 910 1880 1906
23 790 1224 1303 1548 1695 1896 2221
24 1147 1404 1802 1930 2142 2217 2273 2368 2449
25 241 266 330 372 1725 2167 2497
26 865 1185 1684 2055 2238 2271
27 265 309 488 761 1341 1343 1705 1738 2113 2281 2344 2453
28 591 661 816 1825 1943
29 222 265 303 1099 1219 1221 1865 2295
30 178 235 875 885 1223 1313
31 123 283 469 638 1117 1736 2148
32 1074 1152 1332 1855 2216 2473
33 167 762 946 951 988 1396 1749
34 153 510 582 657 878 1377 1998 2287
35 299 423 1132 1213 1451 2005 2174 2483
36 375 529 1348 1774 1795 2392
37 97 476 944 1056 1376 1413 1922
38 1003 1459 1490 1560 1908 2072 2123 2336
39 670 745 1149 2246 2325 2472
40 233 405 652 861 1029 1087 1130 1306 1460 1830 1951 2163
41 337 345 834 1083 1331 2137 2226 2272 2422 2482
42 270 863 1430 1666 1730 2125
43 338 360 427 671 1435 2286
44 547 971 1025 1755
45 85 313 362 442 545 653 1069 1589 1853
46 98 1055
47 72
48 175 1679 1767 2336 2446
49 277 802 1412 1463 1502 1906
50 615 1912 2428
51 618 1334
52 60 98 1072 1183 1278 1376 1514 1596 1634 2021 2033 2105
53 243 429 959 1770 1774 1794 2042 2359 2441
54 170 599 810 1007 1142 1843 2212 2326 2371 2478
55 127 335 863 1929 2250 2251 2308
56 1351 1480 1727 1764 2112 2226 2244
57 309 722 1071 1534 2156 2431
58 108 701 1085 1782 1907 2307 2464
59 884 1184 2148
60 183 642 1169 2151 2459
61 727 1276 1962 2036
62 754 930 1777 2477
63 478 591 1197 1247 1476 1558 1573 2038
64 886 1279 1484 2462
65 127 790 970 1044 1359 1720 1874 2213
66 574 993 1166 1295 1958 2260
67 109 456 1504 1866
68 79 164 607 752 758 782 835 935 1012
69 168 925 1186 1547 1622 1921 2060 2275 2341
70 140 530 552 857 1017 1112 1139 1258 1890 2031
71 540 613 623 967 1316 1698 1805 1851 2068 2301 2315 2472
72 587 1042 1247 1254 1637 1661 1735 1823 1874 2010
73 258 285 631 711 1059 1645 1760 2255
74 441 991 1003 1108 1250 1311 2344
75 378 613 682 715 1174 1490 1508 1804 2021
76 84 113 766 1168 1320 1438 2091 2413
77 108 388 1779 2235
78 342 471 699 1214 1373 1418 1598 1624 1964 2298 2361
79 301 2297
80 149 500 940 1045 1273
81 590 597 780 783 1054 1710 2234
82 97 503 658 1465 1470 1477 1736 1978 2101 2440
83 191 424 567 687 1150 1875 1930 2216 2251
84 197 435 719 1056 1103 1148 1407 1611 1619 1838
85 781 1018 1194 1637
86 172 316 390 728 1035 1944 2213
87 324 529 592 995 1809 1883 1911 2007
88 495 795 852 1039 1267 1356 2031 2099 2288
89 131 260 345 1221 1399 1451 2369 2418 2476
90 248 494 693 831 866 903 1469 2164 2302 2340
91 413 898 1050 1315 1677 2494
92 171 830 1147 1164 1439 2036 2246
93 287 1369 1899 2131
94 216 754 1166 1333 1610 2399
95 766 816 906 937 1365 1965 2311
96 948 1206 1396 1594 1885 2073
97 199 333 679 1511 1538 1726 1975 2128
98 187 1337
99 286 1528 1643 1693 1801 2484
100 347 1588 1679
101 137 701 837 885 964 1362 2438
102 106 207 247 349 431 1229 1745 1953 2466
103 540 671 740 770 1145 1647 1706 1841 2232 2314 2484
104 892 931 1562 1683 1712 1906 1934 2027 2113 2177 2315
105 556 579 631 660 704 715 853 1274 1358 1674 1757 2216
106 233 340 528 1052 1134 1336 1463 1491 1555 1694
107 187 224 365 493 495 851 867 994 1645 1675 2217 2401 2469
108 155 233 884 887 1151 1421 1691 1800 2109 2427 2455
109 620 885 1826 2403
110 427 443 1062 1206 1395 1836
111 140 1084 1187 1246 1432 1505 1566 2131 2433
112 167 170 302 768 1284 1300 1769 1848 2004 2251
113 387 402 601 648 662 1342
114 627 735 847 1007 2132 2235 2491
115 149 784 1013 1253 1827 1982 2113 2228
116 428 652 889 1321 1333 1544 1726 2306
117 126 205 269 531 987 1280 1996 2135 2369
118 518 530 1340 1499 2185 2335 2399
119 273 448 518 1118 1133 1218 1726 1857 2188 2364 2437
120 389 689 1057 1386 1524 2134 2248 2294
121 168 295 412 811 976 1729 2312 2402
122 131 505 860 1079 1752 2092 2264 2487
123 201 585 924 928 1110 1374 1383 2301
124 1168 2363
125 171 818 2003 2237
126 279 561 1808 2012 2248 2490
127 293 518 826 828 882 989 1077 1101 1155 1395 1733 1854 1870 1873 1943 2044
128 277 287 347 609 618 1321 1654 1805 1838 1929 2164 2402
129 312 1707 1806 2031 2066 2199 2326
130 190 229 239 330 390 577 734 1340 1638 1907 1938 2262
131 434 515 795 853 1015 1101 1275 1937 2036 2101 2282 2367 2393
132 241 313 1542 1738
133 307 1400 2046 2171 2236 2317 2483
134 465 960 1404 1929 2051 2476
135 1832 2096 2114 2292 2348 2403
136 483 1521 1581
137 140 204 215 1099 1623 1913 2451
138 386 666 1094 1309 1721 1964 2104 2322 2390 2465
139 308 1574 1610 1976 2298 2310
140 1194 1611
141 252 587 918 1049 1336 2405 2435
142 583 2002
143 485 508 721 868 1879 2129 2209
144 624 640 693 1159 1367 1611 1705 1947 2283 2364 2469
145 335 464 1479 2248
146 716 811 1126 1751 1805 1963 2176
147 540 765 1184 1287 2040
148 415 653 889 1653 2219
149 738 809 1155 1335 1748 2160
150 581 590 751 935 1357 1772 1889 2168
151 606 770 1103 2446
152 213 427 721 773 927 1631 2183 2386 2470
153 172 436 474 918 995 1002 1103 1342 1845 1867 2484
154 1005 1049 1204 1212 1351 1460 1533 1810 1980 2197 2481
155 671 873 1051 1630 1777 1872
156 239 250 599 808 920 1707 1758 2400
157 405 504 937 1039 1095 1318 1334 1495 1616 1651 1743 2257
158 470 1059 1191 1960 2356
159 285 1776 1898
160 458 798 1330 1358 2193 2348
161 184 717 776 933 1194 2120 2387 2410
162 1254 1415 2049
163 623 876 1370 1940 2092 2337
164 410 626 1668 2439
165 202 361 1799 2276 2418
166 656 935 1074 1795 1843 2168 2378
167 329 567 2215 2374 2382
168 345 452 821 824 967 1229 1890 2038 2309 2460
169 367 480 746 903 1041 1046 1168 1374 1793 1887 2018
170 199 934 1618 2001 2314
171 423 426 613 1744 2011
172 212 379 446 1059 1113
173 536 544 1156 1274 1497 1795 1842 2113 2434
174 657 957 1019 1219 1349 1708 1975 2082 2136 2271 2382
175 186 220 572 2066 2090 2458
176 820 1186 2013 2028 2063 2247
177 991 1279 1296 1939
178 209 1025 1828 2143
179 439 560 1291 1367 1564 1975 2170 2201
180 1235 1826 2487
181 325 345 398 610 1337 1388 1424 1816 2006 2138 2443
182 742 1273 1317 1623 1642 2181
183 547 734 1326 1587 1753 1846 1907 2032 2302 2418
184 342 499 829 836 2001 2026
185 189 760 796 980 1803 2374
186 248 616 1450 1782 1826 1907
187 264 392 514 1156 1477 1986 1990
188 1166 1443 1459 1631 2056 2130 2136 2173
189 427 1323 1451 2201 2284
190 1014 1084 1486 2025 2144 2149 2361
191 330 434 776 1121 1190 1488 1670 1752 1815 1877
192 345 534 1311 1492 1629 1751 1925 2205 2235
193 1334 1622 1901 2310 2477
194 386 1359 1964 1994 2499
195 915 1257 1462
196 418 944 1164 1563 2083
197 898 1261 1407 1548 1885 2313
198 297 462 695 860 915 937 996 1536
199 320 675 881 1157 1495 1803 1962
200 315 344 353 695 1006 1314 1657 1661 2475
201 479 1208 1770 1781 2098
202 397 711 938 1355 1467 1804 1841 2005 2475
203 278 623 967 1738 1882 1997 2317
204 393 1293 1381 1743 2431
205 257 606 654 1196 1332 1768 1836 2034
206 284 474 1665 2104
207 738 1075 1183 1665 1951 2261 2288
208 521 703 1058 1641 1925
209 303 434 525 1055 1230 1458 1529 1565 1677 1888
210 871 1281 1400 1649 1874
211 426 1385 1892 2026 2096
212 522 753 779 1007 1396 1648 1841 2219 2226 2326
213 252 348 869 1096 1391 1413 1897
214 1647 1656 1833 1885 2429
215 384 600 673 1351 1825 2057 2117
216 298 654 769 1152 1989 2014
217 1056 1923 2371 2438
218 459 1131 1575 2077 2472 2482
219 560 1483 1630 2033 2051 2257 2269
220 341 377 441 532 699 1717 1933 1973 2460
221 318 488 520 535 751 1012 1173 1183 1192 1435 1681 1816
222 1612 1879 1981 2013 2068 2122 2491
223 615 727 1827 1908 2072
224 490 579 911 1345 1573
225 467 877 1258
226 563 565 717 726 761 962 1020 1140 1187 1449 1479 1483 1837 2417 2498
227 253 749 823 1273 1696 2204 2301
228 430 455 1155
229 508 560 732 851 2031
230 1400 1694 2138
231 1316 1639 2239
232 237 324 510 1429 1437 1663 2014 2400 2464
233 339 433 1061 1605 1674 1993
234 921 1112 1502 1985 2360 2498
235 591 969 1014 1020 1357 1424 2093 2424
236 240 275 514 800 1069 1558 2006
237 426 457 1310 1777 2065 2183 2213 2370
238 333 880 1132 1242 1345 2360 2439
239 291 657 1087 1274 1500 1695 1851 1865
240 250 358 735 899 954 1466 1496 1696 2150 2274
241 544 641 747 762 1097 1335 1518 1807 1839 1865
242 394 805 879 888 942 1641 1815 1890 2180
243 683 688 955 1127 1364 1465 1621 2128
244 744 795 826
245 1325 1331 1420 1442
246 343 644 1236 1805 2110 2278 2413
247 466 560 571 612 746 1252 1537 1571 1963 2017 2310 2434
248 370 961 1355 1771 1946 2089 2091 2416
249 314 399 495 744 1361 1497 1947 2033
250 428 488 708 817 1071 1115 1277 1426 2053 2464
251 360 660 712 1343 1624
252 318 720 1174 1244 1255 2189 2433
253 395 817 1153 1851 2067 2098 2159 2173
254 792 1405 2250
255 740 904 923 1195 1218 1897 2155 2289
256 438 964 1454 1556 1594 1988 2072 2193
257 329 1129 1734 2115 2359
258 1153 1236 1653 1788 2369
259 311 472 656 1254 1590 1801 2093 2114 2139 2255 2356 2497
260 500 1197 1218 1329 2464
261 676 1299 1470 1678 2403
262 360 1800 2095
263 551 781 820 845 994 1075 1530 1580 1799 2286 2335
264 275 314 435 440 1301 1667 1936 2405
265 363 859 989 1082 1572 1632 1767 1792 1864 1988 2249 2475
266 375 764 937 1362 1529 1643 1711 1831 1867 2016 2170 2417
267 1488 1745 2422
268 428 916 1509 1877 1895 1914 2028 2054 2421
269 750 1069 1214 1339 1871 2401
270 596 1570 1571 1678 1982 2252
271 296 594 610 999 1075 1168 1186 1369 1432 1668 1953 2272
272 474 664 966 1582 1595 2020 2191
273 512 1414 1424 2312 2444
274 1120 1262 1339 1424 1471 1901 2116 2129 2261 2357
275 1494 2080
276 352 427 549 566 1047 1433 1441 2354 2436
277 752 782 1446 1636 1917 1923 2329 2469
278 452 596 669 694 896 1090 1147 1256 1674 1759 1778 2199 2272 2461
279 688 1002 1387 1783
280 286 315 345 717 934 1673 1877 2061 2074 2183 2477
281 507 947 948 982 1205 1232 1351 2254
282 715 867 880 1176 1583 1645
283 415 497 569 1026 1032 1331 1350 1594 1796 1847 1866 1958 2210
284 1262 1268 2040
285 2190 2199
286 583 666 759 853 896 1099 1271 1290 1390 2065 2164 2397 2464
287 1175 1502 1850 2466
288 680 863 1487 1830 1838 1939 2422 2423 2495
289 426 724 976 992 1180 1727 2002 2147 2155 2436
290 740 829 974 1912 2454
291 733 735 750 1177 1179 1212 2416 2458
292 329 408 668 1001 1251 1325 1338 1498 1569 1845 1963 2245 2335 2475
293 350 820 1359 1933 2131
294 304 438 1375 1458
295 311 368 414 486 885 1302 1351 1479 2105
296 536 549 560 1399 2250
297 535 675 1070 1815 1883 2078
298 304 603 897 1320 1756 1900
299 1420 1478 1512 2107 2292
300 477 556 844 1095 1133 1399 1509 1883 2285 2311
301 454 608 630 673 1146 2179 2475
302 340 377 601 928 977 1100 1319 1641 2132
303 911 1283 1425 1432 1828 2101
304 763 862 1457
305 366 757 1203 1279 1459 2130
306 433 709 1187 1259 1289 1525 1640 1938
307 310 920 1588 1648 1808 2056 2494
308 389 1293 1313 1669 1976 1995 2154 2303 2444
309 442 1060 1246 1524 1819 2232 2245 2369 2405
310 429 509 528 1087 1232 1241 1751 2324
311 742 1179 1799 1936 1961 2111 2119
312 631 951 1104 1176 1332 1384 1892 2034 2375
313 517 961 1098 1252 1302 1811 1942 2132 2139
314 735 2055 2103 2168
315 848 1197 1539 1800 1961 2233 2388 2474
316 444 855 1113 1238 1651 1662 1813 2228 2288
317 324 427 1156 1757 1916 2398
318 383 400 475 546 622 1150 1189 1217 1282 1482 1534 1633 1686 1827 1872 2377
319 726 1215 1536 1731 2018
320 972 1156 2469
321 722 1099 1238 1546 1821 1889 1987 2064 2243 2377
322 391 576 1016 1361 1365 1495 1537 1557
323 659 1475 1556 1712
324 557 845 1616 1857 2057 2231
325 910 958 1408 1958 2343
326 999 1679 1709 1780 2285
327 776 844 1015 1043 1139 1267 1388 1702 1965 2309
328 810 906 969 1042 1243 1739 2081
329 364 465 759 808 864 1067 1070 1132 1887 1932 2076 2247 2378 2399
330 464 465 886 1076 1285 1311 1330 1667 1765
331 675 849 1246 1398 2407
332 454 668 821 855 1219 1541 1572 1621 1897 2152 2398 2433 2437
333 360 842 1074 1306 1447 1706 1929 2492
334 461 896 970 1618 1815 2171 2318 2470
335 457 550 681 1254 1660 1753 1918 2181
336 380 631 853 1183 1405 1552
337 594 1384 1550 1955 2115 2148 2451
338 375 754 1119 1576 1694 2001 2070 2085 2216 2267
339 507 879 1461 1940 2045 2143
340 477 572 820 901 919 1655 1882 2047 2169 2349
341 731 998 1042 1450 1808 1876 2284
342 438 677 784 1281 1547 2229
343 490 882 883 1069 1127 1367 1382 2317
344 543 614 917 1095 1097 1494 1681 1943 2064 2279 2386
345 526 589 797 1009 1198 1286 1352 1544 2457 2475
346 354 488 709 1199 1398 1421 1484 1950 2082 2090 2359
347 444 827 1797
348 1496
349 1149 1286 2263 2408
350 439 822 1118 1624 2006 2395
351 816 1571 1617 1831 1910 2009 2066
352 739 907 1224 1919 2069 2193
353 607 937 1636 2467
354 533 707 1111 1945
355 356 1040 1285 1669 2364 2412
356 981 1820
357 525 687 767 1612 1898 1996
358 597 1098 1112 1235 1326 1388 1630 1785 2068 2085 2153 2166
359 716 1195 1305 1444 1517 1837 1861 1947 1983 2038 2062 2070 2380
360 361 701 772 1901
361 575 894 975 1153 2234 2269 2467
362 372 589 1237 1276 1662 2039
363 403 512 796 1094 1801 2272
364 490 512 765 1039 1860
365 870 1041 1270 1800
366 1140 1652 1780 2175 2303 2372
367 421 490 610 1718 1814 1979
368 582 762 1089 1146 1443 1502 1789 2065 2265
369 1997 2019 2487
370 563 799 846 1002 1594 1604 1652 1760 2205 2268
371 373 523 1863 1916 2354
372 534 576 872 876 1009 1678 1913 1951 2187 2456
373 496 600 1089 1289 1355
374 1007 1148 1598 1646 1854 2091 2126
375 548 587 1268 1326 1620 1670
376 608 932 1773 1873 1916 1999
377 381 1185 2096 2419
378 1031 1036 1283 1330 1626 1651 1992 2044
379 627 886 1201 1292 1436 1831 2068 2101 2286
380 873 1221 1392 1775 1819 2224
381 629 655 658 849 992 1254 1440 1459 1777 2194 2384
382 1204 1393 2475
383 470 1183 1872 2337
384 450 636 1843 2048 2283 2350 2376 2401
385 697 887 1486 2343 2378
386 559 1469 1553 2253
387 429 460 904 1248 1329 1481 2277 2351 2365
388 647 1142 1559 1701 1861 2292
389 1963
390 1227 1448 1461 1704 1920 2020 2362
391 1321 1583 1609 1692 2251
392 657 1840
393 741 767 1519 2493
394 403 604 1048 1168 1285 1393 1415 1678 1782 2145
395 736 1026 1070 1237 1278 1613 1692 2067 2216 2371 2380 2386
396 829 1160 2105
397 437 903 1049 1606 1739 1890 1980 2362
398 831 1219 1533 1644 1852 1991 2410
399 661 870 935 998 1202 1302 1994 2119 2144 2363
400 666 782 906 951 1133 1222 1323 1459 1541 1977 2077 2177 2431
401 625 738 1096 1443 1486 1851 2052 2266 2287 2291
402 553 1012 1174 1606 2051
403 551 712 1642 1751 2007 2060 2073
404 1161 1454 1795 2087 2264 2409 2430
405 506 1260 1282 1435 1933 1941 2061 2309
406 1114
407 1005 1115 1181
408 658 690 850 1220 1228 1275 1338 1391 1675 1786 2401
409 547 892 979 1313 1428 1490 1764 1766 2020 2185 2204
410 1070 1363 1456 1534 2142 2148
411 538 641 656 969 1154 1168 1796 1861 2128
412 539 1307 1750 1781 1809 1976 2039 2148
413 733 986 1123 1137 1683 2488
414 577 591 774 1268 1539 1874 2052
415 905 1888 2345 2493
416 417 1382 1400 1510 2373 2486
417 480 673 789 914 1105 1131 1948 2044 2295 2372
418 572 844 1367 1537 1666 1726 1870 2137
419 642 1064 1530 1824 2141 2349 2496
420 859 1668 2254 2442
421 539 645 935 1963 2067 2136 2276
422 661 792 835 1432 1464 1485 1778
423 796 1598 1948
424 860 1460 2008 2060 2068 2361
425 687 1074 1145 1165 1172 1228 1438 1499 2087 2144 2217
426 496 688 796 1405 1704 2296
427 1086 1096 1561 1779 2089
428 731 1178 1727 1903 1916 2229
429 702 949 1138 1213 1358 1725 1732 2023 2025 2272
430 1145 1601 1932 2381 2446
431 1341
432 1135 1539 1739 2003 2394
433 516 953 1800
434 569 651 686 732 1763 2141 2151
435 1051 1426 2221
436 883 1003 1289 1435 2358
437 475 654 1334 2065
438 514 639 1080 1655 1656 1901 1918 2280
439 822 928 1492 1824 1937 1949
440 503 529 536 712 883 888 993 1563 1568 1841
441 1074 1134 1626
442 729 1250 1256 1321 1608 1913 2196 2197
443 1053 1884 1941 2064
444 603 992 1248 1560 1761 2333 2494
445 1514 2155 2195
446 461 659 870 1120 2430
447 816 953 1137 1628 2298 2386
448 755 837 1356 1519 1694 1882 2153 2182 2238 2458
449 774 812 1611 2161 2419
450 539 798 834 1169 1505 1675 1953 1959
451 503 633 1007 2035 2051
452 464 471 805 812 1092 1307 1951
453 552 1404 1474 1518 1579 1590
454 1075 1956 2083 2244
455 859 1699 2490
456 1069 1327 1476 1676 1806 1812 1851 1954 2199
457 1386 2255
458 817 1035 2333
459 1432 1615 2458
460 792 1073 1187 1204 1849 2097 2118 2251
461 2007 2306
462 583 690 755 816 1049 2154 2433
463 938 1054 1827 2193
464 478 588 916 1747 1855 2447
465 509 742 1804 2179 2245
466 566 1317 1559 1635 1854 2071 2157 2316 2372
467 1099 1730 1793 1816
468 506 1293 2014 2166 2388 2479
469 470 516 528 1423 1736
470 805 863 1537 1814 1980 2274
471 829 1069 1119 1453 1811 2095 2294
472 562 736 1281 1345 1765 2296 2372
473 1045 2275 2358 2498
474 571 1043 1846 2037
475 553 1328 1565 1811 1982 2172 2271
476 733 793 1149 1333 1684 1853 1856 1862 2126 2272
477 871 1105 1518 1880
478 518 597 936 1141 1190 1534 1772 2305 2328
479 740 956 1267 1667 1820 2238 2459
480 492 650 833 1194 1491 1549 2024 2050 2081
481 673 789 967 1175 1192 1221 1562 2413 2487
482 1711 1742 1867 1870 2060
483 1263 1367 2174
484 560 1202 1563 1644 1868 1931 2138 2164
485 633 727 851 1051
486 888 2449
487 720 1117 1449 2417 2477
488 703 1132 1267 1700 1741 2125 2210
489 527 1207 1405 1537 1861 1906
490 591 665 863 959 1178 1414 1543 1580 1846 2261 2381 2396
491 945 1116 1201
492 646 1105 1128 1972
493 1114 1363 1543 2099 2154 2315 2368
494 1272 1274 1874 2326
495 517 546 1546 1606 1734 2236 2249
496 547 1625 1940 1994 2232
497 518 1686 2018 2145 2422
498 1125 2074 2395
499 508 838 1045 1820 2315
500 562 652 1169 1925
501 532 1090 1794
502 1784 2295
503 810 1517 1658 2062 2482
504 688 894 919 1314
505 756 945 972 1374 1627
506 1194 1212 1405 1529 1553 1627 1628
507 646 797 961 1034 1118 1126 2237
508 515 2001 2217 2343
509 860 1095 1114 1985 2001 2081
510 652 767 1378 1438 1856 1903 2453 2499
511 595 1273 1837 1867 2071
512 1052 2226 2358 2396
513 1515 2385
514 788 1729 2395 2490
515 770 1895 1956 2217 2411
516 913 1176 1747 1982 2228
517 1591 1710 2365 2423
518 781 1231 1465 1739
519 667 697 1795 2314 2342 2458
520 971 1115 1135 1145 1835 1944 2396 2450
521 668 725 988 1665 2024 2075 2408 2476
522 557 1071 1091 1433 1960 2016
523 745 1044 1082 1334 2030 2188 2263
524 544 772 1032 1299 1559 1804 2321
525 1056 1298 1401 1512 1622 1696 2083
526 732 873 1307 1628 1690 2232 2264 2301
527 530 641 654 1239 1372 1552 1758
528 557 920 1397 1729 2254
529 1005 1020 1101 1478 1563 1780 1871 1880 2355
530 647 731 981 1706
531 598 951 1046 1123 1143 1267 1606 1680 2111 2307
532 542 940 1142 2307
533 721 1330 1474 1665 1936 1956 2013
534 977 1060 1062 1121 1182 1740 1931 2026
535 1103 1105 1291 1486 1523
536 677 697 816 1052 1088 1336 1723 1775 2373 2403 2486
537 702 1910 2223 2461
538 673 898 1363 1371 1461 1583 2051
539 743 774 975 1246 1522 1603 2021 2088
540 581 879 995 2048 2338
541 785 1203 1245 1505 1683 1961 2213
542 1134 1420 1548 2290 2346
543 890 1217 1288 1457 1891 2190 2280 2422
544 611 628 866 1429 1913
545 591 623 798 1833 2171
546 866 912 1888 2048 2294
547 1008 1104 1371 1801
548 1912 2349
549 864 1158 1543 1638 2021 2418
550 773 1570 1729 1746
551 730 761 950
552 909 1550 1747 2247 2420
553 651 734 1154 1267 1723 2030
554 978 999 1847 1946 2129 2282
555 1691 2104 2108 2221 2463
556 781 942 1253 1564
557 1476 1533
558 609 822 1042 1532 2138 2372
559 791 813 862 1347 1512 1630 1811 1839 1847 2119
560 800 1125 1339 1440 2039 2481
561 1367 1412 1501
562 571 596 745 1388 1559 2046 2075
563 1038 1371 1642 1840 2332 2359
564 1028 1441 1467 2227 2338
565 1543 2187 2198 2341
566 897 941 992 1349 1549 1850 2057 2487
567 681 764 1554 1690 2385
568 1059 2187 2285
569 806 1278 1491 1579 1690 2027
570 589 948 1391 1549 1764 1882 1964
571 1533 1562 2220 2323
572 743 746 1182 1194 1421 1934
573 576 1274 2097 2461
574 838 866 1062 1246 1528 1547 1873 2422 2460
575 1060 1387 1758 2064
576 656 902 906 1423 1586 1654 2252
577 1842 1926
578 1264 1682 1827 1899 1925 2115 2316 2465
579 628 1082 1409 1502 2064
580 646 683 891 1342 2034 2247
581 982 1118 2089
582 1884 2404
583 822 917 1514 1552 1598 1652
584 739 1858 2290
585 593 799 840 896 1215 1524 1878 2030
586 607 950 1663 1671 1814 2033 2036 2332 2413 2461
587 686 1283 1390 1469 1524 1737 1744 1921 1957
588 1512
589 1582 1634 1635 2244 2359
590 925 1016 1064 1134 1228 1248 1811
591 771 784 814 1171 1624 2104 2299
592 1514 1761 2061 2400
593 839 1060 1180 1779 2000 2002
594 751 1011
595 830 1430 1625 1947
596
597 820 822 1284 1492 1645 1682 1991 2213
598 1036 1582 2025 2034 2216
599 695 841 1169 1629 1879 2447
600 825 856 1276 1409 1475 1568 1729 1751 1969 2304 2385
601 1513 1849 1867
602 632 637 752 1092 1216 1632 1853 2409
603 1393 2094 2256 2351
604 770 796 1421 1441 2121
605 666 1013 1435 1600 1868 1986 2306
606 969 1513 1577
607 858 1363 1701 2040 2340
608 1051 1497 1791
609 714 1119 2081
610 827 888 954 1198 1214 1312 1427
611 665 717 767 1552 1880 2024 2427
612 717 722 1177 1497 2199
613 633 879 1173 1954 2065 2123
614 1028 1091 1697 1718 2318 2450
615 689 1023 2197
616 905 970 1072 2434
617 958 1293 1554 1778 1819 1880
618 1032 1074 1364 1437 1594 2029 2031 2133
619 734 784 1073 1307 1396 1756 2059
620 957 997 1446 2263
621 951 1509 1788 2042 2358
622 984 1478 2335
623 765 931 1189 1512 2051 2250 2421
624 648 867 991 1081 1542 2021
625 1113 1160 1441 2425 2472
626 664 836 1356 1446 1906 2105 2429
627 848 1098 1682 1780 1931 1957 1974 2328 2364
628 864 1486 1495 1785 1829 2111 2478
629 765 1392 1434 1518 1559 2067
630 882 2120
631 871 1389 1774 2084 2248 2256 2400
632 794 839 985 1149 1282 1301 1305 1409 1666 2191 2403 2415
633 739 1054 1391 2436
634 749 1021 1616 2009 2254 2273 2383
635 1049 1201 1652 2059 2461
636 848 862 1433 1610 1802
637 661 864 1483 1501 1826 2085 2311
638 723 822 1073 1285 1577 1921 1989 2013
639 977 1057 1519 1604 1771 1840 1842 1962 2138 2287
640 1314 1596 2128
641 878 1804 2246 2476
642 736 1075 1719 1845 1948
643 650 998 2259 2462
644 1845
645 1255 1493 2128 2137
646 789 1325 1437 2168 2362 2376
647 1639 1655 2257
648 823 945 1711 1902
649 849 1459 1469 1714 1725 2178
650 809 1167 1313 1327 1449 1588 2082
651 962 973 2007 2143
652 867 1715 1785 1887 2052
653 750 1226 1420 1585 1943 2117 2485
654 792 830 1056 1398 1589 1928
655 769 1016 1161 1615 1917 2190 2345 2446
656 933 1132 1183 1575 1723 1781 2166
657 815 1324 2322
658 906 982 1063 1102 1295 1297 1558 1761 1821 1939 2095 2242
659 1658 1864 1993 2140 2327
660 980 1039 1554 1733 2013 2339
661 1439 1441 1647 2231 2369
662 1312 1358 2015 2459
663 744 927 1438 1628
664 1227 1363 1465 1715 2038 2169
665 744 1370 1429 2089 2133 2205 2331
666 1017 1258 1737 2238
667 669 875 963 1549 1716 1724 1810 1892 2039 2160 2265
668 1132 1159 1412 2003 2259 2396
669 1215 1292 1429 1490 2088 2089
670 985 1020 1373 1437 1448 1900 1955 2239
671 717 1590 1824 2116 2472
672 1155 1434 1453 1928 2189
673 1052 1356 1666 1705 2334 2495
674 810 910 2143
675 894 1121 1305 1313 1577 1620 1812 2200 2343 2449
676 824 1198 1469 2121 2141 2463 2495
677 1060 1447 1651 2176
678 1449 1937 2170
679 945 1130 2147 2464
680 1143 2019 2057 2099
681 1499 1585 1961 2227 2473
682 818 1015 1034 1363 2366
683 858 1123 1396 1525 1645 1851 2298 2314
684 837 1527 1849
685 722 732 1514 2205
686 959 1263 1805 2201 2269
687 1707 1731 1752 2011 2132
688 810 819 1001 1882 1899 2151 2328
689 889 1785 2382 2407
690 810 909 1782 1860 2286 2424
691 1195 1831 2327 2344
692 760 1909 1915 2154 2333 2352
693 1139 1435 1587 2383 2419
694 1266 1370 2415
695 939 978 1267 1500 1513 1562 1574 1626 2145 2269 2295 2336
696 752 1850 2107
697 716 975 985 1023 1206 1893 1954 1987
698 1123 2069 2177 2394
699 990 1080 1107 1285 1603 1842
700 1318 1638
701 797 1126 1614
702 739 949 1498 1853 2102 2393
703 841 1149 1221 1644 1662 1681 2132
704 844 1416 1430 1597 1893 2024 2376
705 1061 1132 1683 2155 2178 2402
706 1565 1753 2165 2308
707 1276 1322 1488 1782 1862 1867 1989 2253
708 975 1099 1865 1909 2006 2409
709 740 826 1252 1865 2227 2418
710 1006 1366 2357
711 1210 1298 1678 2122 2197
712 954 1013 1202 1242 1471 2183 2222
713 770 863 1812 2152 2174
714 954 1641 1645 2231 2356
715 741 1253 1272 1379 2043 2302 2371 2494
716 898 966 1080 1213 1344 1347 1489 1586 1629 1830 2309 2318
717 720 1447 1467 1756
718 1274 1639 1968 2001 2031 2126 2267 2323 2373 2400
719 876 1260 1284 1427 1928 2063
720 867 1041 1264 1878
721 952 1189 1296 1645 2441
722 1035 1215 1353 1408 2178 2297 2347
723 741 1400 1544 1876 2284 2446 2464
724 881 1047 1150 1443
725 771 992 1587 1991 2114
726 1202 1391 1920 2088 2180
727 735 1268 1312 1537 1961 2360
728 996 1232 1483 1676 1905 2307 2416 2436
729 947 1382 1435 1631 1658 1769 1861 2187 2330 2485
730 907 1706 1754 2115 2229 2261 2298
731 969 2175 2267 2278 2293
732 927 1995 2288
733 947 1010 1714 1814 2063 2280 2481
734 848 965 1038 1099 1200 1250 1472
735 1156 1472 1954
736 742 943 959 1390 1504 1550 1593 1929 2162 2260
737 1259 1785 1947
738 947 1054 1403 1468 1788 1887 2101
739 2238 2427
740 772 1136 1200 1246 1331 1473 1476 1775
741 865 1091 1418 2322
742 798 880 898 1210 1227 1929 2034
743 1381 1651 1803 1891 2343
744 1640 2012 2221
745 747 1172 2012 2287 2311
746 1249 1766 2011 2142 2222
747 960 1164 1905 2193
748 941 1220 1370 1462 1535 1752 2175 2421
749 781 919 953 1188 1223 1498 1846 2015 2311 2431
750 756 998 1417 2147 2249 2414
751 1033 1271 1492 1592 1743 1811 2139
752 1102 1648 1852 2226
753 802 806 949 1005 1753 2399
754 815 1060 1125 1444 2045
755 1087 1460 2270
756 860 1133 1145 1571 1662 2369
757 927 1210 1532 1759 2048 2329
758 895 1662
759 1060 1867 2109 2152
760 1165 1464 1714 1927 2484
761 1416 1450 1924 2055 2244
762 795 1001 1049 1211 1317 1354 1358 1682 1742 2011
763 1257 1346 1695 2400
764 1232 1673 1839 1993 2275
765 881 903 1552 1635 1901 1952 2024 2039 2171
766 1104 1834 2004 2111 2457
767 1190 1505 2301
768 1294 1606 1894 2247 2301
769 889 1306 1481
770 1792 2049 2203
771 1462
772 1798
773 1032 1085 1276 1280 1666 2339 2434
774 1032 1198 1240 1443 1567 2022
775 835 1271 1468 1625 2488
776 927 1300 2204
777 1200 1250 1787
778 1899 1925 2009 2155 2169 2433
779 1202
780 1701
781 1209 1510 1605 2138 2198
782 1278 1800 1832 1934 1978 2257 2277
783 1114 1581 1997 2053 2319 2360
784 1164 2251 2304 2360
785 968 996 1516 1943
786 875 1493 1729 2431
787 1334 1577 2129 2219
788 1313 1393 1972
789 976 1162 1196 1830 2062 2147 2248
790 808 822 1038 1112 1363 1683 1999 2106
791 1401 1403 1717 1778 1782 2051 2177
792 956 1805 1883 1918
793 1143 1296 1413 1909 2110 2115 2327 2476
794 1075 1457 1687 1822 1973 2012 2199
795 809 894 929 1027 1432 2163
796 1544 1957 2285 2398
797 1800 1965
798 1144 1273 1731
799 1438 1564 1837 2082 2131 2461
800 1602 2044 2150
801 905 1007 1393 1541 1559 1864 1865 2053
802 1980 2000 2201 2303
803 1648 1726 1770 1840 1893 2139 2477
804 930 1152 2324
805 1160 1677 1837 1885 2045 2222 2250
806 905 1659 1782 1862
807 1268 1463 1740 1885 2262 2392
808 1049 1190 1458 2280
809 1202 1431 1689 1767
810 925 1208 1668 2209 2467
811 1570 1700 1796 2125
812 1180 1408 1420 1807 2455
813 1510 1704 1797 1824 2129 2411
814 1704 2418
815 881 1109 1205 1877 2268 2487
816 975 1508 1541 1612 1623 1650
817 1301 1839 2174 2177 2257
818 831 1207 1849 1869 2205 2244 2272 2325
819 1316 1603 1626 2123
820 1356 1700 2367
821 822 977 1090 1893 2010
822 1036 1052 1073 1225 1320 2355 2357 2480
823 2146 2266 2298
824 1384 1913 2139
825
826 2205 2241
827 863 960 1161 1251 1319 1708 2211
828 852 1185 1789 1955 1961
829 1323 1586 1620 1659 1702 1852
830 1404 1446 1626 1723 1845 1922
831 1061 1278 1921 2248 2450
832 1083 1109 1136 1441 1866 2319
833 1838 1970 2156 2279
834 969 2075 2395
835 1727 2290 2354
836 1028 1172 1199 1409
837 1188 1235 1567 1579 1859 1889 2006 2086 2107 2165
838 1445 1664 2043 2189 2195
839 1032 1141 1156 1543
840 1174 2123 2387
841 1653 1987 2021 2059 2282
842 1008 1077 1387 1553 1712 1755 1800 1961
843 1236 1531 2160
844 1593 1923 2085 2445
845 1375 1559 1679
846 971 1145 1663 1701 1808 1821 2078
847 948 1578 2394 2466
848 1192 1462 1686 1735 1797 1917 2035 2183
849 884 1072 1121 1792 1820 2069 2451
850 1508
851 1669 2002 2127 2283 2351
852 1808 2027 2195 2364
853 1356 1629 1751 1910 2010 2086 2168 2228
854 905 1156 2485
855 937 1102 1466 1619 1914
856 1263 1310 1336 1360 1825 1865 2005 2142 2213 2286
857 899 1111 1325 1383 2370 2394 2405
858 1603
859 896 1205 1346
860 899 1213 1489 1773 2252 2332 2461
861 951 1471 1995 2203
862 1894 2383
863 1170 1178 1236 1468 1639 1816 2129 2384 2448
864 1060 1247 1539 1576 1825 1963 2351
865 934 1089 1512 1822 2167 2211
866 1117 1354 1626 1777 1788 1868 1956 2008 2074 2206 2246 2456
867 1245 1424 1655 2094
868 1128 1711 1980 2111 2250 2302
869 884 1005 1242 1393 1578 2472
870 1076 1091 1299 2259
871 1522 1704 1880 1947
872 1325 1801 1885 2019 2138 2471
873 924 959 1334 1713 2425
874 1639 1824
875 1007 1079 1494 1650
876 1471 1721 1768 2016 2069
877 1139 1482 1777 2146 2188 2388
878 941 1046 1661 1781 2201 2293
879 994 1538 1873 2088 2145 2326
880 1742 2014 2322
881 1325 1414 2379 2477
882 1461 1711 1924 2293
883 988 1310 1474 1675 2263 2315
884 1675 1833 2054
885 991 1046 1631 1786 1818 2162
886 1402 1548 1862
887 942 1262 1560 1990 2431 2485
888 1111 1345 1580 1763 1795 2036 2148 2308
889 908 1186 1325 1720 1942 2160 2178 2335
890 978 981 1274 1700 2016 2039 2326
891 1111 1578 1604 2114
892 1374 1620 1627 1735 1853 2358 2427
893 1467 1478 1617 2052
894 928 1498 1603
895 1732 1975 2017 2076 2366
896 945 1314 1868 1979 2365 2446
897 1200 1927 1987 2277 2286 2302 2421
898 1022 1188 1330 1835 1941 2023 2171 2223 2290
899 1327
900 956 969 1145 1433 1790 2283 2319
901 1083 1261 2269
902 1050 1638 1860 2364
903 1014 1493 1570 2179 2369
904 961 2020 2355
905 1224 1493 1510 1655 1706 1876 2311
906 1281 1299 1508 1698 1810 1977 2004 2062 2131
907 1339 1392 1421 1926 1934 1975
908 948 1267 1332 1808 1888 2125 2309 2356 2380
909 928 1016 1069 1322 2290
910 965 1053 1215 1722 1755 2108 2377
911 1854 2279 2381
912 1349 1702 2022
913 1021 1147 1274 1388
914 1581 1620 2354
915 1647 1743 2419
916 1548 1607 1747 2163 2488
917 940 1271 1432 1826 2019 2024 2047 2052 2202
918 1058 1107 1156 1393 1538 1772
919 1001 1134 1219 1611
920 1779 2493
921 2000 2497
922 1168 1338 2158 2285 2488
923 955 1542 1817 2163 2176 2225 2249 2367 2391
924 2171 2494
925 1182 1396 1451 1452 1943 2462
926 1115 1564 2140 2268 2273 2478
927 1211 2149
928 1699 2070 2472 2486
929 1030 1065 1475 1942
930 1124 1201 1310 1762 1868 2222 2300
931 995 1341 1424 1930
932 1108 1196 1218 1751 1813 1942 1967 2032 2177 2469
933 1319 1433 1816 2055 2122 2209
934 1016 1249 1549 1641 1677
935 1064 1500 1646
936 1144 1435 2107 2358
937 1896 2011 2318 2426
938 1063
939 1027 1804 2002 2081 2423
940 1301 1697 1781 2070 2272 2350 2365
941 945 1075 1083 1866 1895 1957 1999 2136 2245 2396 2449
942 1164 1199 1241 1260 1503 1667 1781 1829 2022 2479
943 1122 1535 1912 2370
944 1118 1465 1541 1967 2015 2166 2248
945 1224 1963 1968
946 1022 1544 1634 1844 2182 2303
947 1561
948 1083 1244 1351 2010 2259 2381
949 1087 1150 1264 2433
950 1064 1247 2017 2230 2395
951 992 1175 2496
952 1403 1416 2196
953 1140 1471 2136
954 1019 1975 2028 2289 2372
955 1655 2116 2434
956 2085
957 1071 1895 2330 2392
958 1526 1664 1978 2178 2183 2286
959 1124 1131 1210 1433 1930
960 1717 2223 2363
961 1038 1161 1329 1825 1884 1962 2449
962 1164 1305 1510 1794 1976 2220 2294 2337
963 1057 1486 1673 1869 1899 2220 2480
964 1146 1883 2061 2198 2429 2449
965 1257 1957
966 1484 1945
967 999 1373 1395 1612 1785 1835 1855 2049 2129 2132 2275
968 1121 1249 1604 1755
969 1001 1105 1248 1480 1943
970 1009 1039 1252 1407 2046 2141
971 1127 1403 2121 2152 2273
972 1106 1917
973 1180 1228 1249 1296 1543 1951 2153
974 1307 1526 1562 1903 2370 2408
975 1036 1325 1761 1814 1840 2037 2232 2289
976 1838 2422
977 1047 1271 1322 1808 1872 1882 1901 1939 2116
978 1310 1495 1834 2089 2210
979 1190 1229 1533 1842 1885 2216 2293 2490
980 1592 1939 1960 2049
981 1220 1400 1825 2084 2490
982 1141 1799 1860 1866 1880
983 1332 1790 2161 2273 2410
984 1176 1492 1512 1818 1903
985 1460 1485 1741 2130 2453
986 1260 1995 2493
987 1210 1214 1302 1675
988 2054
989 1147 2232
990 1035 1419 1596 1656
991 1348 2117
992 1085 1325 1393 1820 1941 2279
993 1237 1260 1380 1460 1733 2067 2444
994 1530 1544 1604 1928 2032 2199
995 1085 1224 1228 1617 1683 1925 2088
996 2178 2326 2354
997 1007 1152
998 1253 1388 1525 1915 2142 2271
999 1021 1396 1634 1752 2426
1000 2143 2249 2449
1001 1171
1002 1069 1337 1846 1963 2206 2230
1003 1302 1423 1653 1924
1004 1181 1233 1269 1515 1544 1931 1954 2166 2281 2428
1005 1874 2461
1006 1167 1482 1499 1518 1579 1595 1802 2087 2147
1007 1159 1418 2395
1008 1013 1043 2444
1009 1332 1491 1846 1984 2306 2335
1010 1088 1519 2314 2403
1011 2311 2388
1012 1591 2231
1013 1895 2032 2274 2288
1014 1068 1344 1413 1481 1487 1881 1910
1015 1033 1095 1218 1345 1570 1942 2495
1016 1026 1487 1502 1641 1747 2060 2388
1017 1696 2016 2107
1018 1177 1241 1573 1602 2166
1019 1142 1162 1348 1516 1951 2462
1020 1638 1719 1838 1956 2333
1021 1187 1644 2112 2273
1022 1096 1288 1542 1829 2162 2265 2370 2468
1023 1709 1734 1743 1914 1933 2148 2389
1024 2096 2158
1025 1341 1685 2155 2290
1026 1061 1230 1739 2051 2206
1027 1462 2339 2387 2457
1028 1137 1193 1209 1566 1644 1841 1855 2387 2439
1029 1036 1488 1521 1676 2208 2327
1030 1105 1194 1355 1388 1946 2340 2488
1031 1365 1629 1761 1939 2072 2279 2423
1032 1327
1033 1935 1972 2161
1034 1311 1482 1634
1035 1287 1577 1784 1804 1916 2102 2189
1036 1081 1086 1169 1257 1663 2307 2352 2490
1037 1118 1881 2186
1038 2017
1039 1154 1305 1317 1624
1040 1963 2241
1041 1770 1925 2260 2427
1042 1088 1607 2187 2321 2361
1043 1389 2010 2099 2109 2464
1044 1271 1558 2229 2245 2311
1045 1118 1138 1484 1499 1789 1927 2113 2497
1046 2062
1047 1249 1251 1266 1332 1484 1858 2247 2264 2308 2357 2393 2439
1048 1114 1249 1283 1498 2287 2390
1049 1472 1643 1716 2033
1050 1161 1719 2182 2322
1051 1065 1119 1523 1780
1052 1210 1264 1275 2113
1053 1310 1315 1938 2459
1054 1321 1570 1606 1745 1930 2101 2454
1055 1775 1783 2095 2489
1056 1168 1751 1860 2144 2489 2490
1057 1858 2342
1058 1189 1886 1936 2442 2485
1059 1279 1563 1814
1060 1074 1089 1577 1905 1931 2004 2048
1061 1065 1230 1269 1422 1541 2122 2387
1062 1237 1384 1451 1749 1867 1957 2427
1063 1104 1106 1238 1547 1996 2011 2197
1064 1366 1624 1953 2239 2298
1065 1729 2182
1066 1070 1470 1755
1067 1225 1519 1833 2371
1068 1135 1159 1421 1454 1618 1637 2097 2133 2183 2269 2447
1069 1144 1638 1841 2483
1070 1345 1698 2158
1071 1439 1518 1926 2133 2430
1072 1188 1995
1073 1117 1180 1282 2439
1074 1645
1075 1200 2082 2374
1076 1613 1891
1077 1202 1366 2092 2100 2155 2281 2361
1078 1717 1848 2283
1079 2047 2468
1080 1088
1081 1305 1357 1364 1457 2068 2243
1082 1229 1768 2190 2471
1083 1124 1275 1388 1451 1560 1922
1084 1096 1411 1602 1721 2029 2139 2230
1085 1176 1232 2128
1086 1203
1087 1411 1417 1942 2305 2307
1088 1518
1089 1614 1959 2462
1090 1118 1451 1475 2031 2253
1091 1459 2175 2322 2367
1092 1095 1410 1541 1693 2255 2290
1093 1586 1957 2455
1094 1258 1542 1603 1851
1095 1538 1795 1823 2246
1096 1287
1097 1383 1387 1858 1991
1098 1501 1587 1716 1757 1769 1846 1866 2040 2273
1099 1298 1337 1683 1723 2168
1100 1151 1624 2129
1101 1611 1614 1678 1985
1102 1229
1103 1210 1453 2029
1104 2012 2387 2432 2471 2486
1105 1631 1695 2252 2494
1106 1208 1325 1681 2155
1107 1541 1588
1108 1347 2007 2498
1109 2269 2491
1110 1189 1330 1483
1111 1133 1332 1535 1553 1574 2295
1112 1791
1113 1364 2285 2419
1114 1345 1894 1995 2307 2480
1115 1805 1807 1943 2261 2344
1116 1333 1455 1572 1658 1828 2133
1117 1510 2387
1118 1507 1659 1818 2125 2392 2481
1119 1433 1555 1935 2017 2227
1120 2076 2165 2268 2417
1121 2260
1122 1528 1750 1989 2204
1123 2382
1124 1218 1289 1420 1944 2059 2096
1125 1457 1479 1607 2126 2362
1126 1518 1665
1127 1166 1732 2155 2263 2320 2329
1128 1394 1683 1698 2241 2369 2406
1129 1620 2027 2405
1130 1707 1853 2082
1131 1175 1499 1547 1624 2164 2186 2445
1132 1778
1133 1223 1356 1504 1977 2322
1134 1224 1236 1265 1461 1775
1135 1218 2130 2249 2295 2499
1136 1272 1501 1673 1826 2027 2154
1137 1161 1261 1375 1573 1888
1138 1201 1346 1513 1752 1757 1800
1139 1488 2362
1140 1274 1662 1907 2266 2395
1141 1312 1401 1566 2093 2456
1142 1206 1290 1679
1143 1558 1619 1684 1846
1144 1462 1736 2123 2181
1145 1391 1589 1722 1912 2467
1146 1460 1759
1147 1150 1176 2059 2131 2350
1148 1333 1945
1149 1183 2225
1150 1537 1613 2116
1151 1793 1859 2025
1152 1569 1637 1997
1153 1674 1743 2393
1154 2264 2394
1155 1726 1979 2197
1156 1165 1171 1885 2097 2252
1157 1499 1565 1667 2167
1158 1230 1258 1754 1784 2219
1159 1174 1349 1679 2113
1160 1417 1625 1782 1791 2113 2446
1161 1366 1529 1619 2128 2163 2228
1162 1270 1409 1944 2007 2482
1163 1247 2258 2285 2380 2402
1164 2073 2267
1165 1235 1731 1848
1166 1496 1545 1618 1730 2495
1167 1242 1558 1744
1168 1195 1270 1973
1169 1265 2214 2354
1170 1496 1674 1949 1991 2030 2250 2291
1171 1181 1254 1300 1711 1932 2308
1172 1201 1476 1483 1701 2274
1173 2431
1174 2053 2160 2178 2217 2303
1175 1319 1571 1670 1695 1921 1929 1970 2345
1176 2035 2072
1177 1262 1585 1663 1715 1760 2033
1178 1196 1948 2287 2311
1179 1237 1479 1850 2058 2321
1180 1213 1406 1619 1642 2145 2190 2197
1181 1539 2076
1182 1777 2064 2418
1183 1329 1549 1676 2052 2064 2241 2276
1184 1187 1628
1185 1576 1713 1761 1777 1902 2180 2294
1186 1229 1406 1460
1187 1324 1583 1857 1870 2165
1188 1217 1263 2001 2174 2360
1189 1803 2291
1190 1504 2073 2336
1191 1677 1936 1966 2031 2189
1192 1415 1600 2003 2209 2253
1193 1196 1283 1355 1781 2367
1194 1541 1665 1848
1195 2421
1196 1540 1554 1942 2040 2265 2299 2312 2391
1197 1350 1676 1828 1893 2201
1198 1225 1246 1473 1695 1793 1941 2069
1199 1312 1371 1617 1803 1905 2281 2391
1200 1438 2360 2493
1201 1358 1611 2037 2080 2129 2227
1202
1203 2389
1204 2236 2355 2417
1205 1482 2106 2119 2316 2356
1206 1687 1725 1777 2106 2367
1207 1245 2188
1208 1342 1986
1209 1425 2393
1210 1337 1409 1579 2029 2431
1211 1276 1473 1690 1783 1871 1935 2407 2486
1212 1236 1706 1873 1909 2163 2317
1213 2376
1214 1407 1925 2096 2120 2390 2434 2447
1215 1855 2353
1216 1466 1591 1618 1865 1902
1217
1218 1515 2411
1219 1234 1278 1735 2218 2355
1220 1719 1945 2015 2025 2041
1221 1687 1959 2045 2084 2228
1222 1816 1861 1886 1966 2077 2133 2147 2266
1223 1588 1923 2089 2242
1224
1225 1469 1554 2108 2261
1226 1394 1504 1745 2384 2393
1227 1662 1698 1750 1902 1932 2322
1228 1378 1602 1775 1998
1229 1638 2176 2255
1230 1546 1658 1707 1799 2016 2135 2138 2303
1231 1271 1396 2407
1232 1615 1670 2216
1233 1437 1557 1759 2125 2171
1234 1381 1732
1235 1304 1843 2086
1236 1943 2002 2134
1237 1259 1384 1576 1683 2298
1238 1444 1845 2286
1239 2216 2362 2478
1240 1548 1664 1834 1928 2078 2434
1241 1247 1393 1674 1797 1958 2234 2247
1242 1499 1793
1243 1453 1527 1979 2114
1244 1351 1712 1855
1245 1313 1476 1502 2198
1246 1394 1477 1729 1920 2228
1247 1348 2225 2427
1248
1249 1525 1617 1738 2145
1250 1960 1991 2334 2366
1251 1323 1513 2091 2107 2275 2321 2439
1252 1370 1606
1253 1692 1748 2237
1254 1509 1553 2122 2145 2175
1255 1309 1700 1756 1782 1961 2023 2042 2279
1256 1348 1506 1578 2384
1257 1369 1976 1992 2179 2286 2340 2394 2451
1258 1273 1362 1451 2089
1259 1662 2094 2195
1260 1724 1780 1965
1261 1379 1424 1464 1481 2334 2348
1262 1276 1279 1463 2094 2096 2110 2128
1263 2352
1264 1293 1376 1988 2124
1265 1464 1529 1738
1266 1887 1985 1988 2107 2277
1267 1827 2090 2138 2323
1268 1306 1870 2084 2144 2291
1269
1270 1426 1628 1693
1271 1637 1921 1975 2008 2269 2384
1272 1303 1751 1906 1924
1273 1341 1646 1934 2063 2453
1274 1620 2330
1275 1510 2200
1276 1646 1795
1277 1396 1443 1835 1986 2065
1278 1691 2031 2259
1279
1280 1350 1573 1690 2045 2242 2285 2422
1281 1458 2082 2433
1282 1698
1283 1536 1561 1727 2221 2293
1284 1288 1364 1508 2231 2314
1285 1294 1522 1591 1865 2053 2377 2468
1286 1801 1805 1833 2049
1287 2270
1288 1384 2126 2155 2176 2470
1289 2229
1290 1610 2228
1291 1760 2097 2186
1292 1307 1598 1763 1775 1862
1293 1339 1550 2087
1294 1328 2233 2320
1295 1462 1948 2069 2235 2332
1296 1516 1612 1752 1812 2466
1297 1803 1810 1960 2491
1298 1309 2013 2312
1299 1750 2038 2138 2495
1300 1452 1507 1746 2031 2086 2188 2359
1301 2430
1302 1803 2179 2370
1303 1367 1541 2064 2364 2372
1304 1638 1893 2344
1305 1685 1919 1988 2021 2291
1306 1478 1889 2247 2316
1307 1325 1337 1499 1533 1553 2025 2071 2144 2348
1308 1602 1742 1835 1907 2213
1309 1500 1617
1310
1311 1497 1577 1812 1916 2119
1312 1640 1666 1698 1748 1857 2390
1313 1317 1397 1950 2152 2232
1314 1397 1586 1616 2450
1315 1648 1818 1855 2330 2353
1316 1719 1973
1317 1526 1738 1828 1905 1908 2001 2074
1318 1416 1584 1970 2426
1319 2071
1320 2413 2435
1321 1337 1424 1455 1482 1563 1592 1995 2255 2274 2374 2389
1322 1330 1548 2330
1323 1457 1759 1812 2244 2353
1324 1424 1751 1904 2066 2077 2255 2440
1325 1634 2208 2329
1326 1589 1788 2029
1327 1334 1820 1969 2352
1328 1606 1619 2480
1329 1989 2028
1330 1448 1546 2110 2126 2228 2465
1331 1567 1634 1697 1898 2482
1332 1341 2259 2289 2389
1333 1452 1613 2075 2141
1334 1410 2139
1335 1488 1518 1824 1827 2270 2389
1336 1613 1810 1878 1887 2208 2493
1337 1343 2325
1338 1415 1475 2046 2283
1339 1638
1340 1416 2071 2206 2444
1341 1433 1531 1937 2113 2317 2386
1342 1876 1878 1934 2167
1343 1494 1695 1881 2249
1344 1455
1345 1870 1913 2300
1346 1897 2208 2251 2464 2465
1347 1523 1773 1928 1972 2019 2203
1348 1691 1746 2034 2265 2382 2405
1349 1378 1517 1671 2125 2253
1350 2090 2306
1351 1406 1725 2407
1352 1675 1993 2376
1353 1861 1977 2215 2420 2494
1354 1703 2439
1355 1424 1601 1812 2189 2441
1356 1701 1861 2059
1357 2089
1358
1359 1439 2296
1360 1432 1732 1890 1975 2300 2349 2429
1361 1724 2206
1362 1997 2133
1363 1465 1516 1891 1908 1919 2421 2426
1364 1632 2341
1365 1953 2314
1366 1688 2376
1367 1375 1580 1846
1368 1481 1717 1902 2475
1369
1370 1532 1541 1661 2478
1371 1687 2176 2391 2393
1372 1379 2000 2145 2410 2498
1373 1654 1662 1876 2238 2313 2347
1374 1475 2007 2215 2329
1375 1399 1573 2354 2377
1376 1935 2375
1377 1949 2035 2197 2327
1378 1450 1511
1379 1795 2268
1380 1521 1862 1918 2024 2246 2262 2340
1381 1902 2085 2137 2202
1382 1465 1725 1776 1822 1834 1981
1383 1486 1745 1818 1920 1948 1973
1384 2205 2284 2434
1385 1634 1692 1710 2379
1386 1672 1833 2296 2304 2489
1387 1542 2009 2309
1388 1663 1754 1850 2130
1389 1736 2080 2090
1390 2039 2243
1391 1509 1566 1742
1392 1865 2212 2263
1393 1816 2154 2300
1394 1821 2438
1395 1614 1734 1768 1943 2203
1396 1566 1567 1914 2466
1397 1535 1755 2132 2308 2311 2347
1398 1545 1812 2148 2455
1399 1530 1837 2118
1400 1526
1401 1600 1673 1720 2009 2278 2469
1402 1508 2367
1403 1545 1708 1833 1858 2129
1404 1492 1802 2115
1405 1665 1717 1840 2237 2496
1406 1725 1836
1407 1553 1741
1408 2033 2152
1409 1470 1673 1862
1410 1437 1459 1569 1856 2012
1411 2142 2201
1412 1821 1951 2141 2196
1413 1687 1853 1872 1877
1414 1558 1648 1678 2183
1415 1701 1907 2078
1416 1516 2297 2340
1417 2329
1418 1943 1954 2295
1419 1422 1951 2164
1420 1674 2013 2042
1421 1607 1903 2408 2415 2448
1422 1448 1611 1682 1983 2087
1423 1797 2312
1424 1693
1425 1702 2292 2465
1426 1514 1522 1524 2266
1427 1511 1886 2384 2485
1428 1440 1801
1429 2149 2339
1430 1537 1551 1569
1431 1704 1899 2085 2095
1432 2215 2290 2484
1433 1707 1933 2315
1434 1479 1616 1977 2120
1435 1708 1818 1944
1436 1819 2098 2386
1437 2359 2419
1438
1439 1600 1664 2154 2386
1440 1840 2210 2218
1441 1573
1442 1930 1932 2180 2462
1443 1477 1710 1990 2004
1444 1615 1954 2383 2453
1445
1446
1447 2373 2435
1448 1499 1816 1964
1449 1877 1994
1450 1602 1752 2038 2176 2292 2365 2474
1451 1535 1537 1990 2194 2435
1452 1741 2107 2288
1453 1836 2083 2144
1454 1542 2066
1455 1580
1456 1567 1616 1909 1921 1992 2400
1457 1515 1610 1779
1458 1490 1602 2089 2389 2413
1459 1696
1460 1677 1876 1974
1461 1750 1896
1462 1654
1463 2274
1464 1754 1790 2223 2230 2443
1465 1856
1466 1808 2044 2326
1467 1792 2138 2165 2492
1468 1572 1609 2120
1469 1901 1966
1470 2151 2260 2431
1471 1717 2027
1472 2053 2174 2287
1473 1524 1848 1970
1474 2092
1475 1969 2029 2327 2476
1476 1598 1943 1971 2021 2206
1477 1813 1996 2119 2123 2177
1478 1768 1884
1479 1493 1638 1799 1980
1480 1724 2038 2144
1481 1829 2028
1482 1713 2222 2352
1483 1901 1958 2425
1484 1678 1705 1796
1485 1651 2398
1486 1587 1783 2297
1487 1739
1488 1589 1961 2499
1489 1520 1779 2051
1490 1516 2126 2209 2270
1491 1743 1767 1769 1817 1880 2011 2025 2089
1492 1614 2126
1493 1965 2030 2448
1494 1537 1917 2130 2135 2230 2281
1495 1664 2018
1496 1804
1497 1507 1767 2282
1498 1521 1810 2429
1499 1561 2270 2397
1500 1523 1869 1893 1903 2004 2020 2038 2137 2190
1501 1953
1502 1513 1530 2407
1503 1736
1504 1523 1688 2193 2427 2461
1505 2343
1506 2497
1507 1749 1808 1955
1508 1645 2095 2099 2320 2401
1509 1908
1510 1773 1924 2364
1511 1665 1695 1756 2034 2228
1512 1918 2179
1513 1584 1808
1514 1828 2002 2048 2066 2163 2327
1515 1537 1634 1900 2320
1516 2304
1517 2103
1518 1646 1955 2365
1519 1571 1837 1974 2169 2366 2443
1520 1577 1608 1802
1521 1625 1677
1522 2170
1523 1932 2024 2184 2228
1524 1560 1823 2113
1525 2225 2329
1526 1620 1646 1962
1527 2017
1528 1794 1961 2309 2371
1529 1535 1554 1700
1530 1592 1992 2158
1531 1796 2178
1532 1567 2139
1533 2153 2419 2445
1534 1607 2061 2097 2238
1535 1835 2213
1536 1603
1537 2289
1538
1539 1813 1829 1880 2099
1540
1541
1542 1893
1543 1921
1544 2237
1545 1797 1995 2240 2388
1546 1596 1725 1792 2133 2370
1547 1619 2197
1548 1685 1901
1549 1948 2104 2489
1550
1551 1976 1993 2413
1552 1760 2208 2325
1553
1554 1684 2036 2189 2381 2468
1555 1818 1996 2269 2423 2452
1556 2372
1557 1662 2190 2456
1558 1630 1640 1668 1798 1852 2133
1559 1821 2113
1560 2304 2323
1561 1720 2399
1562 1616 2366 2379
1563 2185
1564 2276 2481
1565 2026
1566 1622
1567 1951 1993 2022 2120
1568 1588 1636 1655 1986 2422
1569 1977 2444 2445
1570 1687 1857 1937 2098 2271 2419
1571 2133 2379
1572 1624 2200 2376 2471
1573 1656 1775 1875 1943 1999 2195
1574 1581 1777 1866 1949 2252 2427
1575 1705 2293 2337 2421
1576 1605 1936
1577 1797 1900 2408
1578 1744 1906 1924 2239 2417
1579 2042
1580 2068
1581 1770 2196
1582
1583 2444
1584 1657 1782 2160 2318 2451
1585 1858 1871 2173 2333
1586 2101
1587 1715 2265 2351
1588 1616 2331
1589
1590 2001 2202 2387
1591
1592 1818
1593 1875 1914 1961 1998 1999 2225 2485
1594 2358
1595 2491
1596 2280
1597 2062 2069 2177
1598 1794 1847 2019 2415
1599 1728 1821 2307
1600 1844 1865 2114 2296
1601 1723
1602 1915
1603
1604 1684 2035 2344
1605 1889 1896 2454
1606 2017
1607 1724 2006 2322 2327 2368
1608
1609 1863 2386
1610 2193 2354
1611 2007 2279 2300 2412
1612 1890 2055 2423
1613
1614 1944 1999 2213
1615
1616 2287 2477
1617 1748 1793 2420
1618 2178
1619 1774 1892 2203
1620 1707 1850 2254 2472
1621 2063 2256
1622 1773 2390
1623 1669
1624
1625 2359 2395 2436
1626 1651 1730 1977 1987
1627
1628 1710
1629 2352
1630 1825 1929 1968 2135 2302
1631 1973 2431
1632 1927 2186
1633 1714 1758 1787 2194 2443
1634 1846 2202 2300
1635 1794 1881 2102 2349
1636 1656 1974
1637 1695 1765 2375
1638 1748 2370
1639 1760 2082
1640 1860
1641 1691 1705 1800
1642 1925 2027 2089 2309
1643 1747 1766 1792 2135 2171
1644 1760 2144 2164 2293
1645 2157
1646 2142
1647 1867
1648 1731 1997 2252
1649 1846 2055
1650 1694 1937 2198
1651 1922 2092 2275
1652 1798 2091
1653 2446
1654
1655 1671 2013 2242 2483
1656 1904
1657 2127 2154
1658 1672 2007 2334 2466
1659 1895 1923 2042 2129
1660 2071 2094 2464
1661 1950 2008
1662 1878 2238 2373
1663 1795 1810
1664 1963 2105
1665 1909 2429 2447
1666 1706 1853 1937 2237
1667
1668 2055 2138 2336 2466
1669 1836 1965 2109 2115 2169 2180
1670
1671 1931 2412
1672 1784 2072
1673 2061 2165
1674 2239 2402
1675 1855 2224
1676 2183
1677 1723 1965 2036 2475
1678 2435
1679 1712 1872
1680 1722 2030 2283 2434
1681 2374
1682 1754 2299
1683 1904 2452 2474
1684
1685 1774 2054
1686
1687
1688 1912 2130
1689 1816
1690 2269 2389
1691 2137 2414
1692
1693 2459
1694 1775
1695 2156 2226
1696 2015 2057 2060 2432
1697 1867 1885 2223 2420
1698 2087 2094
1699 2309 2339
1700
1701
1702 2444
1703 1719 1852 2441
1704 1807
1705 1732 2416
1706 2339 2346 2494
1707 1907 2008 2010 2398
1708 1811 1981 2329
1709 2282
1710
1711
1712
1713 1762
1714 1856 2006 2013 2229 2375
1715 1895 2015 2018
1716 1802 2180 2392
1717
1718
1719 1774 1775 2124
1720 1788 1891 2190 2225 2281
1721 2344
1722 1989
1723 2002
1724 2166
1725
1726 2005 2130 2443
1727 2232 2328
1728 1884 2321
1729 2024
1730
1731 1966 2392
1732 2330 2400 2410
1733 1787 1798 2090 2159 2472
1734 1862
1735 1761 1868 2156
1736 1741 1750 2087
1737 2309 2327 2398
1738 1962 2268 2434
1739 2042 2208 2305 2402
1740
1741 1877 1944 2187
1742
1743 2216
1744
1745 1949
1746 1790 2203
1747 2214
1748 1817 1830 1916 2466
1749 1959 1982 2176 2200 2465
1750 1783 1860 1950
1751
1752 1820 2130 2150 2353
1753 1908 2015 2149 2315 2342
1754 1814 1893 1966 2228
1755 1894 2205 2252 2322
1756 1871 1952
1757 1878 2085 2335
1758 1942 1981 2088 2198
1759 1879
1760 2480
1761 2264 2297 2345 2485
1762 1786 1863 1990
1763 2099 2178
1764 2235
1765 1984 2372
1766 1776 2307 2404
1767 1837 1946 2054
1768 2178
1769 2156 2162 2188 2292 2334
1770 1834 2165 2206 2267
1771
1772 1951 2071 2343 2374
1773 2029 2053 2426
1774
1775 2125
1776 1831
1777 2023 2104 2460
1778 2187
1779 2046
1780 1806 1883 2247
1781 1788 2009 2010
1782 2130 2496
1783
1784 1810
1785 2093
1786 1841 1988 2491
1787 2053 2283 2389
1788 1832 1874 1906 2285
1789 2330
1790 2205
1791 1874 2051 2173 2479
1792 2382
1793 1943 1992
1794
1795 2045 2191 2436 2437
1796 2326
1797 1876 1895
1798 1820 2309
1799 2148 2335
1800 2307 2337
1801 2346
1802 1992 2381
1803 2159
1804
1805 2214 2295
1806 2097
1807
1808 1909 1968 2334
1809 2464
1810 2233
1811 1965
1812 2354
1813 2245 2358 2432
1814 2309 2337 2493
1815 2171
1816 2330
1817 2297 2424
1818 2182 2366
1819 2100 2322
1820 2127 2286
1821 2153 2481
1822 2086
1823 1888 2042 2293
1824 2086 2275 2341
1825 2069 2356
1826 1829 2219
1827 1863 2106
1828 2003 2006 2188
1829
1830
1831 1874 1943 2041
1832 2140 2207
1833 1997
1834 2001 2011 2140 2198
1835
1836
1837 1907
1838 1843 2135
1839 2471
1840 2123 2367 2429
1841 2090
1842 2048 2112 2173 2306
1843 1905
1844 2048
1845 1930 2380
1846 1934
1847 2001 2072 2468
1848 1937 2146 2307
1849 2188
1850 2258
1851 2253 2327 2451
1852 1951 2084 2255
1853 2139 2381
1854 2439
1855 2132
1856
1857 2078 2186 2335 2414
1858 1990 2327 2384
1859 1982 2471
1860 1868 2310
1861 2146
1862 1875 2188 2248 2380
1863 2153 2252 2387
1864 2415
1865 2094 2357
1866 2023 2115
1867 1950 2002 2293
1868 2294
1869 1885 2257
1870 2057 2189 2424 2465
1871 2282 2342 2351
1872 2453
1873 2113
1874 2019 2474
1875 1972 2115 2327 2376
1876
1877 2392
1878 2287
1879
1880 2012 2034 2077
1881 2022 2063
1882 1883 2047
1883 2120
1884
1885 2428
1886 2180 2252 2351 2425
1887 1997 2452
1888 2204 2293
1889 1894
1890 1969 1994 1999 2128 2190
1891 1925 1969 2352
1892
1893 2036 2173 2349
1894 2219 2309
1895 2261 2262
1896 1970 2199
1897 2055
1898 2321 2400
1899 2017 2082 2265
1900 2009 2170
1901 2314
1902 1976 2051 2112 2125 2373
1903 1982 2019 2394
1904 2240
1905 1966 2144
1906 2361
1907 2145 2283 2307
1908 2425 2433
1909
1910 2119 2372
1911
1912 2041 2332
1913 2258
1914 2232
1915 2250 2298
1916 2442
1917 2079 2365 2377
1918
1919 1952 2368
1920 2195
1921
1922
1923 2004
1924 1946 2061 2114
1925 2233
1926
1927 1936 2008 2032 2137
1928
1929
1930 2386 2433
1931
1932 2161
1933 2181
1934 1968 2025
1935
1936
1937 2039 2276
1938 2167 2363
1939 2139 2483
1940 2331 2335
1941 2445
1942
1943 2278 2390
1944 1972 1979
1945
1946 2243
1947 2336
1948 2323
1949 1964 2055
1950 2267
1951
1952
1953 2007 2139
1954
1955 2083 2287 2358
1956 1998 2042
1957 2275
1958 2320
1959 2137
1960 2225 2333
1961 2015
1962 1993 2083 2364
1963 2439
1964 1999 2135 2323 2363
1965 2120 2340
1966 2438
1967 2136 2261
1968 2109
1969 2392
1970 2103 2201
1971 2004 2328 2355 2410
1972 2366 2479
1973 2084
1974 2243 2497
1975 2012 2060 2452
1976 2462 2471
1977 1979 1999 2231 2357
1978
1979
1980
1981 2108
1982 2113 2373
1983 2203 2364
1984 2227
1985 2072
1986 2142 2404
1987 2399 2495
1988 2124 2207
1989
1990 2112
1991 2106 2143 2441 2453
1992 2133 2499
1993
1994
1995 2252 2418
1996 2179 2454
1997 2239 2452
1998 2226
1999 2405
2000 2140 2284
2001 2062 2201 2316
2002 2440
2003 2483
2004
2005 2138 2441
2006 2128 2377 2489
2007 2268 2275
2008 2325 2390 2392 2499
2009
2010 2133
2011
2012 2199 2204 2288 2480 2492
2013 2094 2275
2014 2163
2015
2016 2156 2297 2318 2354 2373
2017 2128 2366
2018 2244
2019 2269 2329
2020
2021 2051 2286
2022 2428
2023 2113
2024
2025 2093 2223 2293 2381 2439 2459 2465
2026
2027 2131
2028
2029
2030 2431
2031 2131
2032
2033
2034 2315
2035 2393
2036 2163
2037 2112 2252 2479
2038 2378
2039 2367
2040
2041 2465
2042 2084 2255
2043
2044 2364 2458
2045
2046 2471
2047
2048 2073
2049 2108 2161 2191 2221 2409
2050 2373
2051 2384
2052
2053 2055 2213
2054 2321
2055
2056 2324 2398
2057
2058 2207 2428
2059 2259 2279
2060 2303 2499
2061 2226 2240 2343
2062 2191 2224 2432
2063 2492
2064 2117 2140
2065 2154 2204 2284 2311
2066 2124
2067 2407
2068 2364
2069 2079 2447
2070 2097 2198
2071
2072
2073
2074 2162
2075
2076 2245
2077 2198 2454
2078 2126 2350
2079
2080 2121
2081 2275
2082
2083
2084 2145 2278
2085
2086
2087
2088 2475
2089
2090 2446
2091 2307 2399
2092 2128
2093
2094 2211 2212
2095 2481
2096 2410
2097 2222
2098 2321
2099 2287
2100 2153 2210 2238
2101 2178
2102
2103 2458
2104 2212 2309 2479
2105
2106 2313 2345 2491
2107 2185 2225 2228 2433 2468
2108 2156
2109 2116 2135 2336 2415
2110
2111 2312 2376
2112 2369
2113 2300
2114
2115
2116 2348 2495
2117 2176
2118
2119
2120
2121
2122 2146 2427
2123 2165 2336
2124 2273
2125
2126 2264 2361 2438
2127
2128 2249 2329
2129 2472
2130 2463
2131 2357
2132 2163
2133 2200 2456
2134
2135
2136 2323
2137
2138
2139 2319
2140 2456
2141 2259
2142 2407
2143 2463
2144 2368
2145 2298
2146 2215
2147 2177 2383 2458 2498
2148
2149
2150 2227 2328
2151
2152 2363
2153 2260
2154
2155 2346 2451
2156
2157
2158
2159 2186 2436
2160 2353 2406
2161 2378 2440
2162 2207
2163 2214
2164
2165
2166 2490
2167 2298
2168 2462
2169 2482
2170
2171 2487
2172
2173
2174 2287 2497
2175 2346
2176 2277 2469
2177 2367 2465
2178 2222
2179 2333 2390
2180 2497
2181 2294 2334
2182
2183 2409
2184
2185 2355 2489
2186 2266 2457
2187 2497
2188
2189 2433
2190 2221
2191
2192 2278 2497
2193
2194
2195 2288 2359 2371
2196 2413
2197 2259 2304 2358 2487
2198
2199
2200
2201
2202
2203 2456
2204 2332 2464
2205 2300
2206 2481
2207 2289
2208 2219 2479
2209 2392
2210 2374
2211 2496
2212 2478
2213 2421 2448
2214
2215 2373
2216
2217
2218 2315
2219
2220
2221
2222
2223 2304
2224 2260 2390 2471
2225 2242 2283
2226 2236 2245
2227
2228 2247 2335 2439
2229 2265 2353 2419
2230 2355
2231
2232
2233
2234 2258 2384
2235
2236
2237 2244 2403 2405
2238
2239
2240 2398
2241
2242
2243
2244
2245
2246 2451
2247
2248
2249 2365
2250 2258 2311 2387
2251
2252
2253 2293
2254 2348
2255
2256 2448
2257
2258 2420
2259 2297
2260 2295
2261
2262
2263
2264
2265 2285 2369
2266
2267
2268 2290 2428
2269
2270 2449
2271 2336 2487 2496
2272
2273
2274 2339
2275 2381
2276
2277 2488
2278 2300
2279
2280 2388
2281 2444
2282
2283
2284 2304 2418
2285
2286
2287
2288
2289
2290
2291 2334 2348
2292
2293 2402
2294 2369
2295 2308 2365 2453
2296
2297
2298 2299 2430
2299
2300
2301
2302 2391
2303
2304
2305 2391
2306
2307
2308
2309
2310
2311 2384 2485
2312
2313
2314 2389
2315 2490
2316 2397 2488
2317
2318
2319 2465
2320
2321 2423
2322
2323
2324
2325 2479
2326
2327
2328 2342
2329
2330
2331
2332
2333 2383
2334
2335
2336
2337 2403
2338
2339
2340
2341
2342
2343
2344
2345
2346
2347
2348 2460
2349
2350 2449 2480
2351 2412 2498
2352 2413 2443
2353
2354 2478
2355
2356 2442
2357 2411
2358
2359
2360 2468 2485
2361
2362 2386 2395 2461
2363
2364 2401
2365 2485
2366
2367 2441
2368
2369 2420
2370 2430
2371
2372 2468
2373
2374
2375
2376
2377 2492
2378
2379
2380
2381 2392 2444
2382
2383
2384
2385
2386
2387
2388
2389 2462
2390
2391
2392 2437
2393
2394 2491
2395
2396 2480
2397
2398
2399
2400
2401
2402
2403
2404
2405 2411
2406
2407
2408
2409
2410
2411
2412 2438
2413 2423
2414
2415
2416
2417
2418
2419
2420
2421
2422
2423 2452
2424
2425 2428
2426
2427 2493
2428 2441
2429
2430
2431
2432
2433
2434 2478
2435 2490
2436
2437
2438
2439
2440
2441
2442
2443
2444
2445
2446
2447
2448
2449 2457
2450
2451
2452 2456
2453
2454
2455
2456
2457
2458
2459
2460 2490
2461
2462
2463
2464
2465
2466
2467
2468
2469
2470
2471
2472
2473
2474
2475
2476
2477
2478
2479
2480
2481
2482
2483
2484
2485
2486
2487
2488
2489
2490
2491
2492
2493
2494
2495
2496
2497
2498
2499
